map:
  Obj1: [ -243.13891849567806, 476.8646321326925, 550.133, 14.9622 ]
  Obj2: [ -243.11959601034763, 286.20647417545486, 550.133, 14.9622 ]
default: [ -79.696, 418.466, 633.233, 14.8122 ]
