version: 1
steps:
- type: tcp
  x_mm: -0.08106284095257163
  y_mm: 0.4183352541615271
  z_mm: 0.3728417116107372
  yaw_deg: 14.996598984022727
  speed_mm_s: 200.0
  dwell_s: 0.0
